0.000000 0.000123
0.001000 0.000131
0.002000 0.000139
0.003000 0.000148
0.004000 0.000157
0.005000 0.000166
0.006000 0.000176
0.007000 0.000187
0.008000 0.000198
0.009000 0.000210
0.010000 0.000223
0.011000 0.000236
0.012000 0.000250
0.013000 0.000265
0.014000 0.000280
0.015000 0.000297
0.016000 0.000314
0.017000 0.000332
0.018000 0.000352
0.019000 0.000372
0.020000 0.000394
0.021000 0.000416
0.022000 0.000440
0.023000 0.000465
0.024000 0.000492
0.025000 0.000520
0.026000 0.000549
0.027000 0.000580
0.028000 0.000612
0.029000 0.000646
0.030000 0.000682
0.031000 0.000720
0.032000 0.000760
0.033000 0.000802
0.034000 0.000845
0.035000 0.000892
0.036000 0.000940
0.037000 0.000991
0.038000 0.001044
0.039000 0.001100
0.040000 0.001159
0.041000 0.001221
0.042000 0.001286
0.043000 0.001354
0.044000 0.001425
0.045000 0.001500
0.046000 0.001578
0.047000 0.001660
0.048000 0.001746
0.049000 0.001836
0.050000 0.001930
0.051000 0.002029
0.052000 0.002133
0.053000 0.002241
0.054000 0.002354
0.055000 0.002473
0.056000 0.002596
0.057000 0.002726
0.058000 0.002862
0.059000 0.003003
0.060000 0.003151
0.061000 0.003306
0.062000 0.003467
0.063000 0.003636
0.064000 0.003812
0.065000 0.003996
0.066000 0.004188
0.067000 0.004388
0.068000 0.004597
0.069000 0.004815
0.070000 0.005042
0.071000 0.005279
0.072000 0.005525
0.073000 0.005783
0.074000 0.006051
0.075000 0.006330
0.076000 0.006620
0.077000 0.006923
0.078000 0.007238
0.079000 0.007566
0.080000 0.007907
0.081000 0.008262
0.082000 0.008631
0.083000 0.009015
0.084000 0.009414
0.085000 0.009828
0.086000 0.010259
0.087000 0.010707
0.088000 0.011171
0.089000 0.011654
0.090000 0.012155
0.091000 0.012675
0.092000 0.013215
0.093000 0.013775
0.094000 0.014356
0.095000 0.014958
0.096000 0.015583
0.097000 0.016230
0.098000 0.016901
0.099000 0.017596
0.100000 0.018316
0.101000 0.019061
0.102000 0.019833
0.103000 0.020632
0.104000 0.021459
0.105000 0.022315
0.106000 0.023200
0.107000 0.024116
0.108000 0.025062
0.109000 0.026041
0.110000 0.027052
0.111000 0.028097
0.112000 0.029176
0.113000 0.030291
0.114000 0.031442
0.115000 0.032631
0.116000 0.033857
0.117000 0.035123
0.118000 0.036429
0.119000 0.037775
0.120000 0.039164
0.121000 0.040595
0.122000 0.042071
0.123000 0.043591
0.124000 0.045157
0.125000 0.046771
0.126000 0.048432
0.127000 0.050142
0.128000 0.051902
0.129000 0.053713
0.130000 0.055576
0.131000 0.057493
0.132000 0.059463
0.133000 0.061489
0.134000 0.063571
0.135000 0.065710
0.136000 0.067908
0.137000 0.070165
0.138000 0.072483
0.139000 0.074863
0.140000 0.077305
0.141000 0.079811
0.142000 0.082381
0.143000 0.085017
0.144000 0.087720
0.145000 0.090491
0.146000 0.093331
0.147000 0.096241
0.148000 0.099222
0.149000 0.102274
0.150000 0.105399
0.151000 0.108598
0.152000 0.111872
0.153000 0.115221
0.154000 0.118647
0.155000 0.122151
0.156000 0.125732
0.157000 0.129393
0.158000 0.133134
0.159000 0.136955
0.160000 0.140858
0.161000 0.144844
0.162000 0.148912
0.163000 0.153064
0.164000 0.157300
0.165000 0.161621
0.166000 0.166028
0.167000 0.170520
0.168000 0.175100
0.169000 0.179766
0.170000 0.184520
0.171000 0.189361
0.172000 0.194291
0.173000 0.199309
0.174000 0.204416
0.175000 0.209611
0.176000 0.214896
0.177000 0.220270
0.178000 0.225734
0.179000 0.231286
0.180000 0.236928
0.181000 0.242659
0.182000 0.248478
0.183000 0.254387
0.184000 0.260383
0.185000 0.266468
0.186000 0.272641
0.187000 0.278901
0.188000 0.285247
0.189000 0.291679
0.190000 0.298197
0.191000 0.304800
0.192000 0.311486
0.193000 0.318256
0.194000 0.325107
0.195000 0.332040
0.196000 0.339053
0.197000 0.346144
0.198000 0.353313
0.199000 0.360559
0.200000 0.367879
0.201000 0.375274
0.202000 0.382740
0.203000 0.390276
0.204000 0.397882
0.205000 0.405555
0.206000 0.413292
0.207000 0.421094
0.208000 0.428956
0.209000 0.436879
0.210000 0.444858
0.211000 0.452893
0.212000 0.460980
0.213000 0.469118
0.214000 0.477305
0.215000 0.485537
0.216000 0.493812
0.217000 0.502128
0.218000 0.510482
0.219000 0.518871
0.220000 0.527292
0.221000 0.535743
0.222000 0.544221
0.223000 0.552722
0.224000 0.561244
0.225000 0.569783
0.226000 0.578336
0.227000 0.586900
0.228000 0.595473
0.229000 0.604049
0.230000 0.612626
0.231000 0.621201
0.232000 0.629770
0.233000 0.638330
0.234000 0.646876
0.235000 0.655406
0.236000 0.663916
0.237000 0.672401
0.238000 0.680859
0.239000 0.689285
0.240000 0.697676
0.241000 0.706028
0.242000 0.714337
0.243000 0.722600
0.244000 0.730811
0.245000 0.738969
0.246000 0.747067
0.247000 0.755104
0.248000 0.763074
0.249000 0.770974
0.250000 0.778801
0.251000 0.786549
0.252000 0.794216
0.253000 0.801797
0.254000 0.809288
0.255000 0.816686
0.256000 0.823988
0.257000 0.831187
0.258000 0.838283
0.259000 0.845269
0.260000 0.852144
0.261000 0.858902
0.262000 0.865541
0.263000 0.872057
0.264000 0.878447
0.265000 0.884706
0.266000 0.890832
0.267000 0.896820
0.268000 0.902668
0.269000 0.908373
0.270000 0.913931
0.271000 0.919339
0.272000 0.924595
0.273000 0.929694
0.274000 0.934634
0.275000 0.939413
0.276000 0.944027
0.277000 0.948475
0.278000 0.952753
0.279000 0.956858
0.280000 0.960789
0.281000 0.964544
0.282000 0.968119
0.283000 0.971514
0.284000 0.974725
0.285000 0.977751
0.286000 0.980591
0.287000 0.983242
0.288000 0.985703
0.289000 0.987973
0.290000 0.990050
0.291000 0.991933
0.292000 0.993620
0.293000 0.995112
0.294000 0.996406
0.295000 0.997503
0.296000 0.998401
0.297000 0.999100
0.298000 0.999600
0.299000 0.999900
0.300000 1.000000
0.301000 0.999900
0.302000 0.999600
0.303000 0.999100
0.304000 0.998401
0.305000 0.997503
0.306000 0.996406
0.307000 0.995112
0.308000 0.993620
0.309000 0.991933
0.310000 0.990050
0.311000 0.987973
0.312000 0.985703
0.313000 0.983242
0.314000 0.980591
0.315000 0.977751
0.316000 0.974725
0.317000 0.971514
0.318000 0.968119
0.319000 0.964544
0.320000 0.960789
0.321000 0.956858
0.322000 0.952753
0.323000 0.948475
0.324000 0.944027
0.325000 0.939413
0.326000 0.934634
0.327000 0.929694
0.328000 0.924594
0.329000 0.919339
0.330000 0.913931
0.331000 0.908373
0.332000 0.902668
0.333000 0.896820
0.334000 0.890832
0.335000 0.884706
0.336000 0.878447
0.337000 0.872057
0.338000 0.865541
0.339000 0.858902
0.340000 0.852144
0.341000 0.845269
0.342000 0.838283
0.343000 0.831187
0.344000 0.823987
0.345000 0.816687
0.346000 0.809288
0.347000 0.801797
0.348000 0.794216
0.349000 0.786549
0.350000 0.778801
0.351000 0.770974
0.352000 0.763074
0.353000 0.755104
0.354000 0.747067
0.355000 0.738969
0.356000 0.730811
0.357000 0.722600
0.358000 0.714337
0.359000 0.706028
0.360000 0.697676
0.361000 0.689285
0.362000 0.680859
0.363000 0.672401
0.364000 0.663916
0.365000 0.655406
0.366000 0.646876
0.367000 0.638330
0.368000 0.629770
0.369000 0.621201
0.370000 0.612626
0.371000 0.604049
0.372000 0.595472
0.373000 0.586901
0.374000 0.578336
0.375000 0.569783
0.376000 0.561244
0.377000 0.552722
0.378000 0.544221
0.379000 0.535743
0.380000 0.527292
0.381000 0.518871
0.382000 0.510482
0.383000 0.502128
0.384000 0.493812
0.385000 0.485537
0.386000 0.477305
0.387000 0.469118
0.388000 0.460980
0.389000 0.452893
0.390000 0.444858
0.391000 0.436879
0.392000 0.428956
0.393000 0.421094
0.394000 0.413292
0.395000 0.405554
0.396000 0.397882
0.397000 0.390276
0.398000 0.382740
0.399000 0.375274
0.400000 0.367879
0.401000 0.360559
0.402000 0.353313
0.403000 0.346144
0.404000 0.339052
0.405000 0.332040
0.406000 0.325107
0.407000 0.318256
0.408000 0.311486
0.409000 0.304800
0.410000 0.298197
0.411000 0.291679
0.412000 0.285247
0.413000 0.278901
0.414000 0.272641
0.415000 0.266468
0.416000 0.260383
0.417000 0.254387
0.418000 0.248478
0.419000 0.242659
0.420000 0.236928
0.421000 0.231286
0.422000 0.225734
0.423000 0.220270
0.424000 0.214896
0.425000 0.209611
0.426000 0.204416
0.427000 0.199309
0.428000 0.194291
0.429000 0.189361
0.430000 0.184519
0.431000 0.179766
0.432000 0.175100
0.433000 0.170520
0.434000 0.166028
0.435000 0.161621
0.436000 0.157300
0.437000 0.153064
0.438000 0.148912
0.439000 0.144844
0.440000 0.140858
0.441000 0.136955
0.442000 0.133134
0.443000 0.129393
0.444000 0.125732
0.445000 0.122151
0.446000 0.118647
0.447000 0.115221
0.448000 0.111872
0.449000 0.108598
0.450000 0.105399
0.451000 0.102274
0.452000 0.099222
0.453000 0.096241
0.454000 0.093331
0.455000 0.090491
0.456000 0.087720
0.457000 0.085017
0.458000 0.082381
0.459000 0.079811
0.460000 0.077305
0.461000 0.074863
0.462000 0.072483
0.463000 0.070165
0.464000 0.067908
0.465000 0.065710
0.466000 0.063571
0.467000 0.061489
0.468000 0.059463
0.469000 0.057493
0.470000 0.055576
0.471000 0.053713
0.472000 0.051902
0.473000 0.050142
0.474000 0.048432
0.475000 0.046771
0.476000 0.045157
0.477000 0.043591
0.478000 0.042071
0.479000 0.040595
0.480000 0.039164
0.481000 0.037775
0.482000 0.036429
0.483000 0.035123
0.484000 0.033857
0.485000 0.032631
0.486000 0.031442
0.487000 0.030291
0.488000 0.029176
0.489000 0.028097
0.490000 0.027052
0.491000 0.026041
0.492000 0.025062
0.493000 0.024116
0.494000 0.023200
0.495000 0.022315
0.496000 0.021459
0.497000 0.020632
0.498000 0.019833
0.499000 0.019061
0.500000 0.018316
0.501000 0.017596
0.502000 0.016901
0.503000 0.016230
0.504000 0.015583
0.505000 0.014958
0.506000 0.014356
0.507000 0.013775
0.508000 0.013215
0.509000 0.012675
0.510000 0.012155
0.511000 0.011654
0.512000 0.011171
0.513000 0.010707
0.514000 0.010259
0.515000 0.009828
0.516000 0.009414
0.517000 0.009015
0.518000 0.008631
0.519000 0.008262
0.520000 0.007907
0.521000 0.007566
0.522000 0.007238
0.523000 0.006923
0.524000 0.006620
0.525000 0.006330
0.526000 0.006051
0.527000 0.005783
0.528000 0.005525
0.529000 0.005279
0.530000 0.005042
0.531000 0.004815
0.532000 0.004597
0.533000 0.004388
0.534000 0.004188
0.535000 0.003996
0.536000 0.003812
0.537000 0.003636
0.538000 0.003467
0.539000 0.003306
0.540000 0.003151
0.541000 0.003003
0.542000 0.002862
0.543000 0.002726
0.544000 0.002596
0.545000 0.002473
0.546000 0.002354
0.547000 0.002241
0.548000 0.002133
0.549000 0.002029
0.550000 0.001930
0.551000 0.001836
0.552000 0.001746
0.553000 0.001660
0.554000 0.001578
0.555000 0.001500
0.556000 0.001425
0.557000 0.001354
0.558000 0.001286
0.559000 0.001221
0.560000 0.001159
0.561000 0.001100
0.562000 0.001044
0.563000 0.000991
0.564000 0.000940
0.565000 0.000892
0.566000 0.000845
0.567000 0.000802
0.568000 0.000760
0.569000 0.000720
0.570000 0.000682
0.571000 0.000646
0.572000 0.000612
0.573000 0.000580
0.574000 0.000549
0.575000 0.000520
0.576000 0.000492
0.577000 0.000465
0.578000 0.000440
0.579000 0.000416
0.580000 0.000394
0.581000 0.000372
0.582000 0.000352
0.583000 0.000332
0.584000 0.000314
0.585000 0.000297
0.586000 0.000280
0.587000 0.000265
0.588000 0.000250
0.589000 0.000236
0.590000 0.000223
0.591000 0.000210
0.592000 0.000198
0.593000 0.000187
0.594000 0.000176
0.595000 0.000166
0.596000 0.000157
0.597000 0.000148
0.598000 0.000139
0.599000 0.000131
0.600000 0.000123
0.601000 0.000116
0.602000 0.000109
0.603000 0.000103
0.604000 0.000097
0.605000 0.000091
0.606000 0.000086
0.607000 0.000081
0.608000 0.000076
0.609000 0.000071
0.610000 0.000067
0.611000 0.000063
0.612000 0.000059
0.613000 0.000056
0.614000 0.000052
0.615000 0.000049
0.616000 0.000046
0.617000 0.000043
0.618000 0.000041
0.619000 0.000038
0.620000 0.000036
0.621000 0.000033
0.622000 0.000031
0.623000 0.000029
0.624000 0.000028
0.625000 0.000026
0.626000 0.000024
0.627000 0.000023
0.628000 0.000021
0.629000 0.000020
0.630000 0.000019
0.631000 0.000017
0.632000 0.000016
0.633000 0.000015
0.634000 0.000014
0.635000 0.000013
0.636000 0.000013
0.637000 0.000012
0.638000 0.000011
0.639000 0.000010
0.640000 0.000010
0.641000 0.000009
0.642000 0.000008
0.643000 0.000008
0.644000 0.000007
0.645000 0.000007
0.646000 0.000006
0.647000 0.000006
0.648000 0.000006
0.649000 0.000005
0.650000 0.000005
0.651000 0.000004
0.652000 0.000004
0.653000 0.000004
0.654000 0.000004
0.655000 0.000003
0.656000 0.000003
0.657000 0.000003
0.658000 0.000003
0.659000 0.000003
0.660000 0.000002
0.661000 0.000002
0.662000 0.000002
0.663000 0.000002
0.664000 0.000002
0.665000 0.000002
0.666000 0.000002
0.667000 0.000001
0.668000 0.000001
0.669000 0.000001
0.670000 0.000001
0.671000 0.000001
0.672000 0.000001
0.673000 0.000001
0.674000 0.000001
0.675000 0.000001
0.676000 0.000001
0.677000 0.000001
0.678000 0.000001
0.679000 0.000001
0.680000 0.000001
0.681000 0.000000
0.682000 0.000000
0.683000 0.000000
0.684000 0.000000
0.685000 0.000000
0.686000 0.000000
0.687000 0.000000
0.688000 0.000000
0.689000 0.000000
0.690000 0.000000
0.691000 0.000000
0.692000 0.000000
0.693000 0.000000
0.694000 0.000000
0.695000 0.000000
0.696000 0.000000
0.697000 0.000000
0.698000 0.000000
0.699000 0.000000
0.700000 0.000000
0.701000 0.000000
0.702000 0.000000
0.703000 0.000000
0.704000 0.000000
0.705000 0.000000
0.706000 0.000000
0.707000 0.000000
0.708000 0.000000
0.709000 0.000000
0.710000 0.000000
0.711000 0.000000
0.712000 0.000000
0.713000 0.000000
0.714000 0.000000
0.715000 0.000000
0.716000 0.000000
0.717000 0.000000
0.718000 0.000000
0.719000 0.000000
0.720000 0.000000
0.721000 0.000000
0.722000 0.000000
0.723000 0.000000
0.724000 0.000000
0.725000 0.000000
0.726000 0.000000
0.727000 0.000000
0.728000 0.000000
0.729000 0.000000
0.730000 0.000000
0.731000 0.000000
0.732000 0.000000
0.733000 0.000000
0.734000 0.000000
0.735000 0.000000
0.736000 0.000000
0.737000 0.000000
0.738000 0.000000
0.739000 0.000000
0.740000 0.000000
0.741000 0.000000
0.742000 0.000000
0.743000 0.000000
0.744000 0.000000
0.745000 0.000000
0.746000 0.000000
0.747000 0.000000
0.748000 0.000000
0.749000 0.000000
0.750000 0.000000
0.751000 0.000000
0.752000 0.000000
0.753000 0.000000
0.754000 0.000000
0.755000 0.000000
0.756000 0.000000
0.757000 0.000000
0.758000 0.000000
0.759000 0.000000
0.760000 0.000000
0.761000 0.000000
0.762000 0.000000
0.763000 0.000000
0.764000 0.000000
0.765000 0.000000
0.766000 0.000000
0.767000 0.000000
0.768000 0.000000
0.769000 0.000000
0.770000 0.000000
0.771000 0.000000
0.772000 0.000000
0.773000 0.000000
0.774000 0.000000
0.775000 0.000000
0.776000 0.000000
0.777000 0.000000
0.778000 0.000000
0.779000 0.000000
0.780000 0.000000
0.781000 0.000000
0.782000 0.000000
0.783000 0.000000
0.784000 0.000000
0.785000 0.000000
0.786000 0.000000
0.787000 0.000000
0.788000 0.000000
0.789000 0.000000
0.790000 0.000000
0.791000 0.000000
0.792000 0.000000
0.793000 0.000000
0.794000 0.000000
0.795000 0.000000
0.796000 0.000000
0.797000 0.000000
0.798000 0.000000
0.799000 0.000000
0.800000 0.000000
0.801000 0.000000
0.802000 0.000000
0.803000 0.000000
0.804000 0.000000
0.805000 0.000000
0.806000 0.000000
0.807000 0.000000
0.808000 0.000000
0.809000 0.000000
0.810000 0.000000
0.811000 0.000000
0.812000 0.000000
0.813000 0.000000
0.814000 0.000000
0.815000 0.000000
0.816000 0.000000
0.817000 0.000000
0.818000 0.000000
0.819000 0.000000
0.820000 0.000000
0.821000 0.000000
0.822000 0.000000
0.823000 0.000000
0.824000 0.000000
0.825000 0.000000
0.826000 0.000000
0.827000 0.000000
0.828000 0.000000
0.829000 0.000000
0.830000 0.000000
0.831000 0.000000
0.832000 0.000000
0.833000 0.000000
0.834000 0.000000
0.835000 0.000000
0.836000 0.000000
0.837000 0.000000
0.838000 0.000000
0.839000 0.000000
0.840000 0.000000
0.841000 0.000000
0.842000 0.000000
0.843000 0.000000
0.844000 0.000000
0.845000 0.000000
0.846000 0.000000
0.847000 0.000000
0.848000 0.000000
0.849000 0.000000
0.850000 0.000000
0.851000 0.000000
0.852000 0.000000
0.853000 0.000000
0.854000 0.000000
0.855000 0.000000
0.856000 0.000000
0.857000 0.000000
0.858000 0.000000
0.859000 0.000000
0.860000 0.000000
0.861000 0.000000
0.862000 0.000000
0.863000 0.000000
0.864000 0.000000
0.865000 0.000000
0.866000 0.000000
0.867000 0.000000
0.868000 0.000000
0.869000 0.000000
0.870000 0.000000
0.871000 0.000000
0.872000 0.000000
0.873000 0.000000
0.874000 0.000000
0.875000 0.000000
0.876000 0.000000
0.877000 0.000000
0.878000 0.000000
0.879000 0.000000
0.880000 0.000000
0.881000 0.000000
0.882000 0.000000
0.883000 0.000000
0.884000 0.000000
0.885000 0.000000
0.886000 0.000000
0.887000 0.000000
0.888000 0.000000
0.889000 0.000000
0.890000 0.000000
0.891000 0.000000
0.892000 0.000000
0.893000 0.000000
0.894000 0.000000
0.895000 0.000000
0.896000 0.000000
0.897000 0.000000
0.898000 0.000000
0.899000 0.000000
0.900000 0.000000
0.901000 0.000000
0.902000 0.000000
0.903000 0.000000
0.904000 0.000000
0.905000 0.000000
0.906000 0.000000
0.907000 0.000000
0.908000 0.000000
0.909000 0.000000
0.910000 0.000000
0.911000 0.000000
0.912000 0.000000
0.913000 0.000000
0.914000 0.000000
0.915000 0.000000
0.916000 0.000000
0.917000 0.000000
0.918000 0.000000
0.919000 0.000000
0.920000 0.000000
0.921000 0.000000
0.922000 0.000000
0.923000 0.000000
0.924000 0.000000
0.925000 0.000000
0.926000 0.000000
0.927000 0.000000
0.928000 0.000000
0.929000 0.000000
0.930000 0.000000
0.931000 0.000000
0.932000 0.000000
0.933000 0.000000
0.934000 0.000000
0.935000 0.000000
0.936000 0.000000
0.937000 0.000000
0.938000 0.000000
0.939000 0.000000
0.940000 0.000000
0.941000 0.000000
0.942000 0.000000
0.943000 0.000000
0.944000 0.000000
0.945000 0.000000
0.946000 0.000000
0.947000 0.000000
0.948000 0.000000
0.949000 0.000000
0.950000 0.000000
0.951000 0.000000
0.952000 0.000000
0.953000 0.000000
0.954000 0.000000
0.955000 0.000000
0.956000 0.000000
0.957000 0.000000
0.958000 0.000000
0.959000 0.000000
0.960000 0.000000
0.961000 0.000000
0.962000 0.000000
0.963000 0.000000
0.964000 0.000000
0.965000 0.000000
0.966000 0.000000
0.967000 0.000000
0.968000 0.000000
0.969000 0.000000
0.970000 0.000000
0.971000 0.000000
0.972000 0.000000
0.973000 0.000000
0.974000 0.000000
0.975000 0.000000
0.976000 0.000000
0.977000 0.000000
0.978000 0.000000
0.979000 0.000000
0.980000 0.000000
0.981000 0.000000
0.982000 0.000000
0.983000 0.000000
0.984000 0.000000
0.985000 0.000000
0.986000 0.000000
0.987000 0.000000
0.988000 0.000000
0.989000 0.000000
0.990000 0.000000
0.991000 0.000000
0.992000 0.000000
0.993000 0.000000
0.994000 0.000000
0.995000 0.000000
0.996000 0.000000
0.997000 0.000000
0.998000 0.000000
0.999000 0.000000
